2 6 0.6788
5 19 0.8492
1 14 0.5696
10 15 0.0313
2 8 0.3974
0 16 0.3095
4 8 0.3489
8 10 0.4930
2 4 0.7092
2 18 0.1596
4 16 0.5877
6 8 0.6137
7 16 0.7743
14 15 0.1250
4 18 0.6786
9 15 0.2131
4 19 0.2805
17 19 0.4635
3 5 0.1103
1 15 0.4459
3 13 0.3794
4 15 0.5376
2 12 0.6971
12 18 0.7040
0 6 0.8688
11 19 0.3990
2 11 0.2506
12 14 0.7512
5 16 0.0492
1 19 0.1655
2 15 0.4518
10 14 0.0951
13 16 0.4550
4 10 0.5687
9 14 0.2927
1 13 0.5390
8 9 0.2662
5 15 0.9917
1 16 0.7533
1 4 0.1706
2 13 0.3609
3 10 0.9136
18 19 0.5113
0 11 0.5901
5 9 0.7936
8 12 0.3014
6 19 0.2718
10 11 0.3920
3 8 0.4209
7 8 0.3626
6 17 0.6108
7 18 0.1498
6 10 0.2323
6 9 0.4082
5 8 0.5278
6 15 0.2288
7 15 0.4259
12 19 0.4136
2 3 0.7169
0 9 0.6620
3 11 0.5519
0 19 0.5971
10 17 0.7567
3 19 0.7573
6 14 0.2918
0 17 0.6080
0 1 0.5017
3 18 0.8071
14 17 0.8484
7 14 0.4328
9 19 0.2930
7 11 0.2136
3 14 0.9785
0 12 0.1845
0 7 0.7911
15 16 0.9488
14 19 0.4043
4 6 0.5471
5 11 0.6618
0 5 0.3545
7 10 0.4323
11 13 0.1744
3 17 0.9094
5 6 1.1104
8 11 0.1589
6 13 0.7011
1 9 0.4296
0 3 0.3276
1 3 0.7251
9 17 0.7432
8 18 0.4271
15 17 0.7315
3 7 0.6939
3 4 0.5656
12 17 0.5101
13 19 0.4902
0 15 0.8142
11 16 0.6252
11 18 0.2690
0 4 0.3320
6 7 0.6513
3 16 0.0830
0 8 0.4317
11 12 0.4498
4 11 0.4607
1 5 0.8025
5 12 0.4730
5 18 0.9173
2 14 0.4499
16 18 0.8843
1 12 0.3331
2 5 0.8251
2 16 0.7981
9 10 0.2354
4 7 0.6716
16 19 0.8014
8 19 0.3893
9 11 0.1587
5 17 0.9587
10 16 0.9768
14 16 1.0452
5 7 0.8029
7 12 0.6613
4 14 0.6617
10 19 0.3092
2 19 0.5998
2 7 0.0376
8 15 0.4663
9 12 0.4945
13 15 0.5334
12 15 0.6330
1 8 0.4341
10 18 0.3101
6 18 0.5401
8 16 0.4869
3 6 1.0135
4 13 0.4458
3 9 0.6858
12 13 0.3730
9 13 0.3220
7 19 0.5642
1 11 0.4974
5 14 1.0862
5 13 0.4896
5 10 1.0194
4 17 0.3781
1 18 0.6585
16 17 0.9115
13 14 0.6108
9 16 0.7531
7 13 0.3313
1 17 0.3140
7 17 1.0025
1 10 0.4746
8 13 0.1051
11 17 0.8056
15 19 0.2803
4 9 0.4499
1 7 0.6893
6 11 0.5618
0 14 0.9301
3 15 0.8865
11 15 0.3713
2 10 0.4561
12 16 0.4239
4 12 0.1643
4 5 0.6368
6 16 1.0637
15 18 0.3116
2 9 0.3073
3 12 0.4061
14 18 0.2923
8 14 0.5584
0 18 0.8559
13 17 0.8205
11 14 0.4388
8 17 0.7196
6 12 0.6854
0 13 0.4702
2 17 1.0398
7 9 0.2724
9 18 0.2317
10 13 0.5571
0 10 0.8452
10 12 0.6642
13 18 0.4296
17 18 0.9706
1 6 0.3992
1 2 0.7264
0 2 0.8242
